residue_number	conservation_score
1	0.5136
2	0.3951
3	0.3951
4	0.5545
5	0.4306
6	0.3845
7	0.5345
8	0.4722
9	0.4465
10	0.4533
11	0.5854
12	0.6013
13	0.5659
14	0.5511
15	0.5393
16	0.6616
17	0.5661
18	0.5345
19	0.6653
20	0.7997
21	0.7997
22	0.6129
23	0.7997
24	0.6529
25	0.6545
26	0.6123
27	0.5768
28	0.6568
29	0.6039
30	0.6517
31	0.5989
32	0.6273
33	0.3916
34	0.3034
35	0.4562
36	0.4496
37	0.3951
38	0.3906
39	0.3126
40	0.3374
41	0.2969
42	0.3521
43	0.3126
44	0.5199
45	0.4118
46	0.398
47	0.4801
48	0.3034
49	0.5039
50	0.3702
51	0.4712
52	0.4801
53	0.4712
54	0.4819
55	0.5662
56	0.3886
57	0.3627
58	0.5845
59	0.4605
60	0.3968
61	0.4679
62	0.4082
63	0.4386
64	0.3583
65	0.398
66	0.3532
67	0.678
68	0.5298
69	0.4082
70	0.5097
71	0.4634
72	0.5559
73	0.4313
74	0.5
75	0.4401
76	0.3851
77	0.565
78	0.4562
79	0.4505
80	0.7152
81	0.4226
82	0.5157
83	0.3174
84	0.396
85	0.4409
86	0.454
87	0.3034
88	0.4081
89	0.5534
90	0.7702
91	0.6393
92	0.6701
93	0.6236
94	0.497
95	0.5336
96	0.5617
97	0.6396
98	0.4879
99	0.6139
100	0.4533
101	0.5906
102	0.6236
103	0.6681
104	0.5983
105	0.6006
106	0.5345
107	0.5511
108	0.5047
109	0.5047
110	0.4797
111	0.6792
112	0.5768
113	0.5498
114	0.6139
115	0.6272
116	0.479
117	0.497
118	0.6112
119	0.4533
120	0.5047
121	0.4559
122	0.5342
123	0.3586
124	0.5514
125	0.5608
126	0.5994
127	0.3762
128	0.5083
129	0.4274
130	0.5001
131	0.4208
132	0.4609
133	0.549
134	0.4879
135	0.4276
136	0.55
137	0.5747
138	0.4722
139	0.463
140	0.5844
141	0.4003
142	0.446
143	0.4643
144	0.3893
145	0.3244
146	0.3539
147	0.5049
148	0.4222
149	0.5375
150	0.4465
151	0.4313
152	0.7404
153	0.505
154	0.781
155	0.5186
156	0.4774
157	0.5758
158	0.5527
159	0.549
160	0.5336
161	0.4704
162	0.6273
163	0.8578
164	0.567
165	0.7564
166	0.6393
167	0.6393
168	0.4704
169	0.6273
170	0.5434
171	0.5303
172	0.6029
173	0.6273
174	0.5628
175	0.4644
176	0.6717
177	0.4856
178	0.5144
179	0.5882
180	0.3951
181	0.4137
182	0.4698
183	0.5279
184	0.4159
185	0.5545
186	0.5711
187	0.4946
188	0.3337
189	0.3642
190	0.338
191	0.3944
192	0.3968
193	0.4574
194	0.3639
195	0.5947
196	0.5452
197	0.562
198	0.4222
199	0.4217
200	0.5186
201	0.3668
202	0.3631
203	0.5044
204	0.3938
205	0.452
206	0.3179
207	0.3886
208	0.4252
209	0.5155
210	0.4188
211	0.5558
212	0.4712
213	0.4306
214	0.5004
215	0.2837
216	0.4684
217	0.4315
218	0.3703
219	0.4073
220	0.4936
221	0.3701
222	0.5618
223	0.3525
224	0.5804
225	0.7165
226	0.691
227	0.6498
228	0.7095
229	0.5254
230	0.4773
231	0.3631
232	0.4135
233	0.388
234	0.3325
235	0.4328
236	0.4873
237	0.4209
238	0.4993
239	0.3647
240	0.3106
241	0.4444
242	0.4736
243	0.6398
244	0.6278
245	0.5073
246	0.3687
247	0.3284
248	0.4643
249	0.4016
250	0.4517
251	0.3715
252	0.396
253	0.4444
254	0.3461
255	0.329
256	0.4069
257	0.443
258	0.5254
259	0.4647
260	0.3491
261	0.4021
262	0.3324
263	0.4107
264	0.4444
265	0.3307
266	0.5132
267	0.3763
268	0.7286
269	0.375
270	0.4323
271	0.7286
272	0.4723
273	0.5831
274	0.6234
275	0.2954
276	0.3756
277	0.5053
278	0.5101
279	0.4596
280	0.473
281	0.817
282	0.3559
283	0.6623
284	0.7997
285	0.634
286	0.6687
287	0.5162
288	0.7714
289	0.5426
290	0.5018
291	0.7123
292	0.7038
293	0.7714
294	0.6543
295	0.5709
296	0.9383
297	0.4727
298	0.4905
299	0.8813
300	0.5255
301	0.7203
302	0.3518
303	0.9403
304	0.6064
305	0.645
306	0.3196
307	0.4043
308	0.4522
309	1.0
310	0.529
311	0.6524
312	0.9403
313	0.4033
314	0.7329
315	0.5844
316	0.7756
317	0.571
318	0.8383
319	0.5909
320	0.6361
321	0.8917
322	0.6443
323	0.4998
324	0.8917
325	0.2751
326	0.417
327	1.0
328	0.5227
329	0.5768
330	0.5304
331	0.8884
332	0.4857
333	0.8335
334	0.744
335	0.7792
336	0.691
337	0.8335
338	0.5559
339	0.8335
340	0.9439
341	0.4838
342	0.7465
343	0.7792
344	0.5379
345	0.9069
346	0.7792
347	0.7095
348	0.7792
349	0.852
350	0.8033
351	0.5915
352	0.673
353	0.9456
354	0.504
355	0.5512
356	1.0
357	0.885
358	0.8284
359	0.7279
360	0.7173
361	0.7918
362	0.7725
363	0.4099
364	0.7725
365	0.7918
366	0.8477
367	0.6549
368	0.7918
369	1.0
370	0.5924
371	0.8813
372	0.6025
373	0.9422
374	0.885
375	0.8884
376	0.7792
377	0.6942
378	0.8884
379	0.7218
380	0.6387
381	0.9439
382	0.4141
383	0.6114
384	0.9439
385	0.4583
386	0.7365
387	0.7365
388	0.7365
389	0.4874
390	0.7365
391	0.48
392	0.6681
393	0.8284
394	0.885
395	0.7558
396	0.8284
397	0.8284
398	0.6681
399	0.7286
400	0.6039
401	0.9403
402	0.6232
403	0.7558
404	0.8477
405	0.8131
406	0.7854
407	0.7329
408	0.6173
409	0.9403
410	0.4422
411	0.4993
412	0.9422
413	0.4483
414	0.5109
415	0.682
416	0.8284
417	0.6476
418	0.7725
419	0.7086
420	0.5924
421	0.6263
422	0.7733
423	0.7918
424	0.4941
425	1.0
426	0.514
427	0.6926
428	0.5147
429	0.6455
430	0.5139
431	0.6811
432	0.5977
433	0.5341
434	0.4681
435	0.5811
436	0.5453
437	0.721
438	0.5116
439	1.0
440	0.4603
441	0.4889
442	0.9422
443	0.6238
444	0.7286
445	0.5537
446	0.6074
447	0.5567
448	0.8284
449	0.7086
450	0.6019
451	0.7725
452	0.8477
453	0.5401
454	0.5727
455	1.0
456	0.5392
457	0.6103
458	0.7576
459	0.5606
460	1.0
461	0.5374
462	0.384
463	0.5488
464	0.6477
465	0.3911
466	0.5745
467	0.4112
468	0.4873
469	1.0
470	0.5892
471	0.4748
472	1.0
473	0.5147
474	0.3647
475	0.5034
476	0.7918
477	0.4364
478	0.6455
479	0.7918
480	0.7725
481	0.4565
482	0.6936
483	0.5107
484	0.4217
485	0.9422
486	0.542
487	0.6669
488	0.5811
489	0.9422
490	0.5134
491	0.5537
492	0.7725
493	0.8477
494	0.5433
495	0.7456
496	0.6526
497	1.0
498	0.6213
499	0.5147
500	0.9422
501	0.4637
502	0.9014
503	0.6978
504	0.5324
505	0.3719
506	0.5623
507	0.4846
508	0.7854
509	0.7286
510	0.7203
511	0.4122
512	0.4932
513	1.0
514	0.5339
515	0.6456
516	0.5334
517	0.9403
518	0.7854
519	0.6456
520	0.558
521	0.7084
522	0.7854
523	0.7243
524	0.3709
525	0.9403
526	0.5331
527	0.3594
528	0.9403
529	0.5139
530	0.4372
531	0.5494
532	0.8183
533	0.682
534	0.7173
535	0.7365
536	0.6628
537	0.682
538	0.885
539	0.4483
540	0.4489
541	0.9422
542	0.3631
543	0.474
544	0.5034
545	0.55
546	0.7365
547	0.4874
548	0.562
549	0.3969
550	0.4681
551	0.4415
552	0.5687
553	0.4874
554	0.4167
555	0.4859
556	0.3888
557	0.817
558	0.5397
559	0.4096
560	0.9383
561	0.3938
562	0.6417
563	0.4505
564	0.873
565	0.5458
566	0.6286
567	0.6674
568	0.5366
569	0.6117
570	0.7179
571	0.3605
572	0.6913
573	0.8773
574	0.4575
575	0.4234
576	0.4183
577	0.5961
578	0.3968
579	0.5883
580	0.3583
581	0.4249
582	0.4411
583	0.3722
584	0.4769
585	0.7997
586	0.7044
587	0.8915
588	0.8915
589	0.4299
590	0.4165
591	0.305
592	0.3789
593	0.3645
594	0.3657
595	0.5977
596	0.4339
597	0.6812
598	0.6514
599	0.4028
600	0.5008
601	0.6415
602	0.4952
603	0.5201
604	0.4469
605	0.3491
606	0.4249
607	0.448
608	0.4827
609	0.3877
610	0.3836
611	0.5511
612	0.5076
613	0.6526
614	0.6265
615	0.482
616	0.43
617	0.3845
618	0.5328
619	0.4562
620	0.6852
621	0.5376
622	0.5302
623	0.627
624	0.565
625	0.5671
626	0.4689
627	0.5175
628	0.305
629	0.4722
630	0.4137
631	0.4505
632	0.3746
633	0.3392
634	0.5033
635	0.4887
636	0.3951
637	0.5994
638	0.442
639	0.4642
640	0.5099
641	0.6091
642	0.3901
643	0.748
644	0.5588
645	0.7596
646	0.6084
647	0.7544
648	0.3489
649	0.5336
650	0.5242
651	0.5064
652	0.6398
653	0.8519
654	0.7045
655	0.6398
656	0.7737
657	0.5711
658	0.3484
659	0.3975
660	0.4728
661	0.5073
662	0.3629
663	0.6138
664	0.6066
665	0.4064
666	0.5488
667	0.5099
668	0.5076
669	0.6681
670	0.5555
671	0.5818
672	0.7011
673	0.6333
674	0.588
675	0.6236
676	0.4746
677	0.4086
678	0.6094
679	0.683
680	0.4564
681	1.0
682	0.5064
683	0.5336
684	0.4879
685	0.5345
686	0.6792
687	0.3978
688	0.5989
689	0.3889
690	0.4887
691	0.4879
692	0.4609
693	0.7927
694	0.4137
695	0.4353
696	0.4389
697	0.4652
698	0.6365
699	0.5858
700	0.57
701	0.5488
702	0.4703
703	0.4084
704	0.4556
705	0.6138
706	0.5326
707	0.6066
708	0.3985
709	0.2808
710	0.5266
711	0.4871
712	0.5838
713	0.516
714	0.567
715	0.5449
716	0.4794
717	0.516
718	0.5449
719	0.6236
720	0.516
721	0.6537
722	0.6127
723	0.6027
724	0.5449
725	0.6826
726	0.5847
727	0.5083
